{
  "accessors": [
    {
      "bufferView": 0,
      "componentType": 5126,
      "count": 252,
      "max": [
        5.067938327789307,
        3.618501663208008,
        0.75
      ],
      "min": [
        -5.067938327789307,
        -3.618501663208008,
        0.0
      ],
      "type": "VEC3"
    },
    {
      "bufferView": 0,
      "byteOffset": 12,
      "componentType": 5126,
      "count": 252,
      "type": "VEC3"
    },
    {
      "bufferView": 1,
      "componentType": 5125,
      "count": 1332,
      "type": "SCALAR"
    },
    {
      "bufferView": 2,
      "componentType": 5126,
      "count": 272,
      "max": [
        30.547164916992188,
        35.1893310546875,
        0.47424957156181335
      ],
      "min": [
        -42.72906494140625,
        -29.317853927612305,
        -1.0741782188415527
      ],
      "type": "VEC3"
    },
    {
      "bufferView": 2,
      "byteOffset": 12,
      "componentType": 5126,
      "count": 272,
      "type": "VEC3"
    },
    {
      "bufferView": 3,
      "componentType": 5125,
      "count": 792,
      "type": "SCALAR"
    },
    {
      "bufferView": 4,
      "componentType": 5126,
      "count": 168,
      "max": [
        38.000003814697266,
        31.860490798950195,
        27.339136123657227
      ],
      "min": [
        -37.999996185302734,
        9.57879638671875,
        22.46053695678711
      ],
      "type": "VEC3"
    },
    {
      "bufferView": 4,
      "byteOffset": 12,
      "componentType": 5126,
      "count": 168,
      "type": "VEC3"
    },
    {
      "bufferView": 5,
      "componentType": 5125,
      "count": 918,
      "type": "SCALAR"
    },
    {
      "bufferView": 6,
      "componentType": 5126,
      "count": 1366,
      "max": [
        11.808239936828613,
        2.8512001037597656,
        0.25
      ],
      "min": [
        -11.808239936828613,
        0.0,
        0.0
      ],
      "type": "VEC3"
    },
    {
      "bufferView": 6,
      "byteOffset": 12,
      "componentType": 5126,
      "count": 1366,
      "type": "VEC3"
    },
    {
      "bufferView": 7,
      "componentType": 5125,
      "count": 3480,
      "type": "SCALAR"
    },
    {
      "bufferView": 8,
      "componentType": 5126,
      "count": 1524,
      "max": [
        11.75853157043457,
        3.735072374343872,
        0.25
      ],
      "min": [
        -11.758532524108887,
        0.0,
        0.0
      ],
      "type": "VEC3"
    },
    {
      "bufferView": 8,
      "byteOffset": 12,
      "componentType": 5126,
      "count": 1524,
      "type": "VEC3"
    },
    {
      "bufferView": 9,
      "componentType": 5125,
      "count": 4080,
      "type": "SCALAR"
    },
    {
      "bufferView": 10,
      "componentType": 5126,
      "count": 120,
      "max": [
        2.2956793308258057,
        2.288830518722534,
        0.10000009089708328
      ],
      "min": [
        -6.231184005737305,
        -2.2888307571411133,
        -4.470348358154297e-08
      ],
      "type": "VEC3"
    },
    {
      "bufferView": 10,
      "byteOffset": 12,
      "componentType": 5126,
      "count": 120,
      "type": "VEC3"
    },
    {
      "bufferView": 11,
      "componentType": 5125,
      "count": 348,
      "type": "SCALAR"
    },
    {
      "bufferView": 12,
      "componentType": 5126,
      "count": 1687,
      "max": [
        41.5,
        67.5,
        25.831281661987305
      ],
      "min": [
        -41.5,
        -67.5,
        7.207627296447754
      ],
      "type": "VEC3"
    },
    {
      "bufferView": 12,
      "byteOffset": 12,
      "componentType": 5126,
      "count": 1687,
      "type": "VEC3"
    },
    {
      "bufferView": 13,
      "componentType": 5125,
      "count": 9468,
      "type": "SCALAR"
    },
    {
      "bufferView": 14,
      "componentType": 5126,
      "count": 112,
      "max": [
        2.2956793308258057,
        2.2956793308258057,
        0.4000000059604645
      ],
      "min": [
        -2.2956793308258057,
        -2.2956793308258057,
        0.0
      ],
      "type": "VEC3"
    },
    {
      "bufferView": 14,
      "byteOffset": 12,
      "componentType": 5126,
      "count": 112,
      "type": "VEC3"
    },
    {
      "bufferView": 15,
      "componentType": 5125,
      "count": 324,
      "type": "SCALAR"
    },
    {
      "bufferView": 16,
      "componentType": 5126,
      "count": 800,
      "max": [
        41.5,
        67.5,
        15.312755584716797
      ],
      "min": [
        -41.5,
        -67.5,
        0.0
      ],
      "type": "VEC3"
    },
    {
      "bufferView": 16,
      "byteOffset": 12,
      "componentType": 5126,
      "count": 800,
      "type": "VEC3"
    },
    {
      "bufferView": 17,
      "componentType": 5125,
      "count": 4788,
      "type": "SCALAR"
    }
  ],
  "asset": {
    "version": "2.0"
  },
  "bufferViews": [
    {
      "buffer": 0,
      "byteLength": 6048,
      "byteStride": 24,
      "target": 34962
    },
    {
      "buffer": 0,
      "byteLength": 5328,
      "byteOffset": 6048,
      "target": 34963
    },
    {
      "buffer": 0,
      "byteLength": 8704,
      "byteOffset": 11376,
      "byteStride": 32,
      "target": 34962
    },
    {
      "buffer": 0,
      "byteLength": 3168,
      "byteOffset": 20080,
      "target": 34963
    },
    {
      "buffer": 0,
      "byteLength": 5376,
      "byteOffset": 23248,
      "byteStride": 32,
      "target": 34962
    },
    {
      "buffer": 0,
      "byteLength": 3672,
      "byteOffset": 28624,
      "target": 34963
    },
    {
      "buffer": 0,
      "byteLength": 32784,
      "byteOffset": 32296,
      "byteStride": 24,
      "target": 34962
    },
    {
      "buffer": 0,
      "byteLength": 13920,
      "byteOffset": 65080,
      "target": 34963
    },
    {
      "buffer": 0,
      "byteLength": 36576,
      "byteOffset": 79000,
      "byteStride": 24,
      "target": 34962
    },
    {
      "buffer": 0,
      "byteLength": 16320,
      "byteOffset": 115576,
      "target": 34963
    },
    {
      "buffer": 0,
      "byteLength": 2880,
      "byteOffset": 131896,
      "byteStride": 24,
      "target": 34962
    },
    {
      "buffer": 0,
      "byteLength": 1392,
      "byteOffset": 134776,
      "target": 34963
    },
    {
      "buffer": 0,
      "byteLength": 53984,
      "byteOffset": 136168,
      "byteStride": 32,
      "target": 34962
    },
    {
      "buffer": 0,
      "byteLength": 37872,
      "byteOffset": 190152,
      "target": 34963
    },
    {
      "buffer": 0,
      "byteLength": 2688,
      "byteOffset": 228024,
      "byteStride": 24,
      "target": 34962
    },
    {
      "buffer": 0,
      "byteLength": 1296,
      "byteOffset": 230712,
      "target": 34963
    },
    {
      "buffer": 0,
      "byteLength": 25600,
      "byteOffset": 232008,
      "byteStride": 32,
      "target": 34962
    },
    {
      "buffer": 0,
      "byteLength": 19152,
      "byteOffset": 257608,
      "target": 34963
    }
  ],
  "buffers": [
    {
      "byteLength": 276760,
      "uri": "calc-gltf.bin"
    }
  ],
  "materials": [
    {
      "name": "fallback Material",
      "pbrMetallicRoughness": {
        "baseColorFactor": [
          0.45098039215686275,
          0.45098039215686275,
          0.45098039215686275,
          1.0
        ]
      }
    },
    {
      "name": "fallback Material",
      "pbrMetallicRoughness": {
        "baseColorFactor": [
          0.0392156862745098,
          0.06274509803921569,
          0.06274509803921569,
          1.0
        ]
      }
    },
    {
      "name": "Material__26",
      "pbrMetallicRoughness": {
        "baseColorFactor": [
          0.007194240111857653,
          0.021582700312137604,
          0.007194240111857653,
          1.0
        ],
        "metallicFactor": 0.0,
        "roughnessFactor": 0.7599999904632568
      }
    },
    {
      "name": "fallback Material",
      "pbrMetallicRoughness": {
        "baseColorFactor": [
          0.054901960784313725,
          0.054901960784313725,
          0.054901960784313725,
          1.0
        ]
      }
    },
    {
      "name": "fallback Material",
      "pbrMetallicRoughness": {
        "baseColorFactor": [
          0.054901960784313725,
          0.054901960784313725,
          0.054901960784313725,
          1.0
        ]
      }
    },
    {
      "name": "fallback Material",
      "pbrMetallicRoughness": {
        "baseColorFactor": [
          0.011764705882352941,
          0.011764705882352941,
          0.011764705882352941,
          1.0
        ]
      }
    },
    {
      "name": "Material__27",
      "pbrMetallicRoughness": {
        "baseColorFactor": [
          0.6392160058021545,
          0.5607839822769165,
          0.4078429937362671,
          1.0
        ],
        "metallicFactor": 0.0,
        "roughnessFactor": 0.5299999713897705
      }
    },
    {
      "name": "fallback Material",
      "pbrMetallicRoughness": {
        "baseColorFactor": [
          0.011764705882352941,
          0.011764705882352941,
          0.011764705882352941,
          1.0
        ]
      }
    }
  ],
  "meshes": [
    {
      "name": "Ellipse012",
      "primitives": [
        {
          "attributes": {
            "NORMAL": 1,
            "POSITION": 0
          },
          "indices": 2,
          "material": 0,
          "mode": 4
        }
      ]
    },
    {
      "name": "Box002",
      "primitives": [
        {
          "attributes": {
            "NORMAL": 4,
            "POSITION": 3
          },
          "indices": 5,
          "material": 1,
          "mode": 4
        }
      ]
    },
    {
      "name": "Object001",
      "primitives": [
        {
          "attributes": {
            "NORMAL": 7,
            "POSITION": 6
          },
          "indices": 8,
          "material": 2,
          "mode": 4
        }
      ]
    },
    {
      "name": "TextPlus001",
      "primitives": [
        {
          "attributes": {
            "NORMAL": 10,
            "POSITION": 9
          },
          "indices": 11,
          "material": 3,
          "mode": 4
        }
      ]
    },
    {
      "name": "TextPlus002",
      "primitives": [
        {
          "attributes": {
            "NORMAL": 13,
            "POSITION": 12
          },
          "indices": 14,
          "material": 4,
          "mode": 4
        }
      ]
    },
    {
      "name": "Circle003",
      "primitives": [
        {
          "attributes": {
            "NORMAL": 16,
            "POSITION": 15
          },
          "indices": 17,
          "material": 5,
          "mode": 4
        }
      ]
    },
    {
      "name": "Object002",
      "primitives": [
        {
          "attributes": {
            "NORMAL": 19,
            "POSITION": 18
          },
          "indices": 20,
          "material": 6,
          "mode": 4
        }
      ]
    },
    {
      "name": "Circle001",
      "primitives": [
        {
          "attributes": {
            "NORMAL": 22,
            "POSITION": 21
          },
          "indices": 23,
          "material": 7,
          "mode": 4
        }
      ]
    },
    {
      "name": "Box001",
      "primitives": [
        {
          "attributes": {
            "NORMAL": 25,
            "POSITION": 24
          },
          "indices": 26,
          "material": 6,
          "mode": 4
        }
      ]
    }
  ],
  "nodes": [
    {
      "matrix": [
        0.001,
        0.0,
        0.0,
        0.0,
        0.0,
        0.001,
        0.0,
        0.0,
        0.0,
        0.0,
        0.001,
        0.0,
        0.0,
        0.0,
        0.0,
        1.0
      ],
      "mesh": 0,
      "name": "Ellipse012"
    },
    {
      "children": [
        0
      ],
      "matrix": [
        1.0,
        -5.551115123125783e-17,
        -2.8966946175046363e-08,
        0.0,
        -2.8921206762788646e-08,
        0.056174628436565406,
        -0.9984209537506105,
        0.0,
        1.6272074798706628e-09,
        0.9984209537506105,
        0.056174628436565406,
        0.0,
        3.807640075683594e-05,
        0.017677799224853515,
        0.017813364028930665,
        1.0
      ]
    },
    {
      "matrix": [
        0.001,
        0.0,
        0.0,
        0.0,
        0.0,
        0.001,
        0.0,
        0.0,
        0.0,
        0.0,
        0.001,
        0.0,
        0.0,
        0.0,
        0.0,
        1.0
      ],
      "mesh": 1,
      "name": "Box002"
    },
    {
      "children": [
        2
      ],
      "matrix": [
        1.0,
        0.0,
        0.0,
        0.0,
        0.0,
        0.0561746284365654,
        -0.9984209537506104,
        0.0,
        0.0,
        0.9984209537506104,
        0.0561746284365654,
        0.0,
        0.006090953826904297,
        0.016441587448120118,
        0.031487051010131835,
        1.0
      ]
    },
    {
      "matrix": [
        0.001,
        0.0,
        0.0,
        0.0,
        0.0,
        0.001,
        0.0,
        0.0,
        0.0,
        0.0,
        0.001,
        0.0,
        0.0,
        0.0,
        0.0,
        1.0
      ],
      "mesh": 2,
      "name": "Object001"
    },
    {
      "children": [
        4
      ],
      "matrix": [
        1.0,
        0.0,
        0.0,
        0.0,
        0.0,
        0.0,
        -1.0,
        0.0,
        0.0,
        1.0,
        0.0,
        0.0,
        1.909552338474896e-11,
        -0.0016039295196533204,
        -0.0004368534088134766,
        1.0
      ]
    },
    {
      "matrix": [
        0.001,
        0.0,
        0.0,
        0.0,
        0.0,
        0.001,
        0.0,
        0.0,
        0.0,
        0.0,
        0.001,
        0.0,
        0.0,
        0.0,
        0.0,
        1.0
      ],
      "mesh": 3,
      "name": "TextPlus001"
    },
    {
      "children": [
        6
      ],
      "matrix": [
        1.0,
        0.0,
        0.0,
        0.0,
        0.0,
        0.0,
        -0.764080822467804,
        0.0,
        0.0,
        1.0,
        0.0,
        0.0,
        0.020565231323242186,
        0.022999942779541017,
        -0.05573112106323242,
        1.0
      ]
    },
    {
      "matrix": [
        0.001,
        0.0,
        0.0,
        0.0,
        0.0,
        0.001,
        0.0,
        0.0,
        0.0,
        0.0,
        0.001,
        0.0,
        0.0,
        0.0,
        0.0,
        1.0
      ],
      "mesh": 4,
      "name": "TextPlus002"
    },
    {
      "children": [
        8
      ],
      "matrix": [
        1.0,
        0.0,
        0.0,
        0.0,
        0.0,
        0.0,
        -0.764080822467804,
        0.0,
        0.0,
        1.0,
        0.0,
        0.0,
        0.02059977149963379,
        0.022999942779541017,
        -0.05171607971191406,
        1.0
      ]
    },
    {
      "matrix": [
        0.001,
        0.0,
        0.0,
        0.0,
        0.0,
        0.001,
        0.0,
        0.0,
        0.0,
        0.0,
        0.001,
        0.0,
        0.0,
        0.0,
        0.0,
        1.0
      ],
      "mesh": 0,
      "name": "Ellipse012"
    },
    {
      "children": [
        10
      ],
      "matrix": [
        1.0,
        -5.551115123125783e-17,
        -2.8966946175046363e-08,
        0.0,
        -2.8921206762788646e-08,
        0.056174628436565406,
        -0.9984209537506105,
        0.0,
        1.6272074798706628e-09,
        0.9984209537506105,
        0.056174628436565406,
        0.0,
        0.028745058059692383,
        0.018327171325683594,
        0.006271771907806397,
        1.0
      ]
    },
    {
      "matrix": [
        0.001,
        0.0,
        0.0,
        0.0,
        0.0,
        0.001,
        0.0,
        0.0,
        0.0,
        0.0,
        0.001,
        0.0,
        0.0,
        0.0,
        0.0,
        1.0
      ],
      "mesh": 0,
      "name": "Ellipse012"
    },
    {
      "children": [
        12
      ],
      "matrix": [
        1.0,
        -5.551115123125783e-17,
        -2.8966946175046363e-08,
        0.0,
        -2.8921206762788646e-08,
        0.056174628436565406,
        -0.9984209537506105,
        0.0,
        1.6272074798706628e-09,
        0.9984209537506105,
        0.056174628436565406,
        0.0,
        0.028745058059692383,
        0.017677799224853515,
        0.017813364028930665,
        1.0
      ]
    },
    {
      "matrix": [
        0.001,
        0.0,
        0.0,
        0.0,
        0.0,
        0.001,
        0.0,
        0.0,
        0.0,
        0.0,
        0.001,
        0.0,
        0.0,
        0.0,
        0.0,
        1.0
      ],
      "mesh": 0,
      "name": "Ellipse012"
    },
    {
      "children": [
        14
      ],
      "matrix": [
        1.0,
        -5.551115123125783e-17,
        -2.8966946175046363e-08,
        0.0,
        -2.8921206762788646e-08,
        0.056174628436565406,
        -0.9984209537506105,
        0.0,
        1.6272074798706628e-09,
        0.9984209537506105,
        0.056174628436565406,
        0.0,
        0.028745058059692383,
        0.017028430938720703,
        0.029354955673217775,
        1.0
      ]
    },
    {
      "matrix": [
        0.001,
        0.0,
        0.0,
        0.0,
        0.0,
        0.001,
        0.0,
        0.0,
        0.0,
        0.0,
        0.001,
        0.0,
        0.0,
        0.0,
        0.0,
        1.0
      ],
      "mesh": 0,
      "name": "Ellipse012"
    },
    {
      "children": [
        16
      ],
      "matrix": [
        1.0,
        -5.551115123125783e-17,
        -2.8966946175046363e-08,
        0.0,
        -2.8921206762788646e-08,
        0.056174628436565406,
        -0.9984209537506105,
        0.0,
        1.6272074798706628e-09,
        0.9984209537506105,
        0.056174628436565406,
        0.0,
        0.028745058059692383,
        0.016379058837890627,
        0.04089654541015625,
        1.0
      ]
    },
    {
      "matrix": [
        0.001,
        0.0,
        0.0,
        0.0,
        0.0,
        0.001,
        0.0,
        0.0,
        0.0,
        0.0,
        0.001,
        0.0,
        0.0,
        0.0,
        0.0,
        1.0
      ],
      "mesh": 0,
      "name": "Ellipse012"
    },
    {
      "children": [
        18
      ],
      "matrix": [
        1.0,
        -5.551115123125783e-17,
        -2.8966946175046363e-08,
        0.0,
        -2.8921206762788646e-08,
        0.056174628436565406,
        -0.9984209537506105,
        0.0,
        1.6272074798706628e-09,
        0.9984209537506105,
        0.056174628436565406,
        0.0,
        0.028745058059692383,
        0.015729689598083497,
        0.05243813705444336,
        1.0
      ]
    },
    {
      "matrix": [
        0.001,
        0.0,
        0.0,
        0.0,
        0.0,
        0.001,
        0.0,
        0.0,
        0.0,
        0.0,
        0.001,
        0.0,
        0.0,
        0.0,
        0.0,
        1.0
      ],
      "mesh": 0,
      "name": "Ellipse012"
    },
    {
      "children": [
        20
      ],
      "matrix": [
        1.0,
        -5.551115123125783e-17,
        -2.8966946175046363e-08,
        0.0,
        -2.8921206762788646e-08,
        0.056174628436565406,
        -0.9984209537506105,
        0.0,
        1.6272074798706628e-09,
        0.9984209537506105,
        0.056174628436565406,
        0.0,
        0.01439156723022461,
        0.018327171325683594,
        0.006271772384643555,
        1.0
      ]
    },
    {
      "matrix": [
        0.001,
        0.0,
        0.0,
        0.0,
        0.0,
        0.001,
        0.0,
        0.0,
        0.0,
        0.0,
        0.001,
        0.0,
        0.0,
        0.0,
        0.0,
        1.0
      ],
      "mesh": 0,
      "name": "Ellipse012"
    },
    {
      "children": [
        22
      ],
      "matrix": [
        1.0,
        -5.551115123125783e-17,
        -2.8966946175046363e-08,
        0.0,
        -2.8921206762788646e-08,
        0.056174628436565406,
        -0.9984209537506105,
        0.0,
        1.6272074798706628e-09,
        0.9984209537506105,
        0.056174628436565406,
        0.0,
        0.01439156723022461,
        0.017677799224853515,
        0.017813364028930665,
        1.0
      ]
    },
    {
      "matrix": [
        0.001,
        0.0,
        0.0,
        0.0,
        0.0,
        0.001,
        0.0,
        0.0,
        0.0,
        0.0,
        0.001,
        0.0,
        0.0,
        0.0,
        0.0,
        1.0
      ],
      "mesh": 0,
      "name": "Ellipse012"
    },
    {
      "children": [
        24
      ],
      "matrix": [
        1.0,
        -5.551115123125783e-17,
        -2.8966946175046363e-08,
        0.0,
        -2.8921206762788646e-08,
        0.056174628436565406,
        -0.9984209537506105,
        0.0,
        1.6272074798706628e-09,
        0.9984209537506105,
        0.056174628436565406,
        0.0,
        0.01439156723022461,
        0.017028430938720703,
        0.029354955673217775,
        1.0
      ]
    },
    {
      "matrix": [
        0.001,
        0.0,
        0.0,
        0.0,
        0.0,
        0.001,
        0.0,
        0.0,
        0.0,
        0.0,
        0.001,
        0.0,
        0.0,
        0.0,
        0.0,
        1.0
      ],
      "mesh": 0,
      "name": "Ellipse012"
    },
    {
      "children": [
        26
      ],
      "matrix": [
        1.0,
        -5.551115123125783e-17,
        -2.8966946175046363e-08,
        0.0,
        -2.8921206762788646e-08,
        0.056174628436565406,
        -0.9984209537506105,
        0.0,
        1.6272074798706628e-09,
        0.9984209537506105,
        0.056174628436565406,
        0.0,
        0.01439156723022461,
        0.016379058837890627,
        0.04089654541015625,
        1.0
      ]
    },
    {
      "matrix": [
        0.001,
        0.0,
        0.0,
        0.0,
        0.0,
        0.001,
        0.0,
        0.0,
        0.0,
        0.0,
        0.001,
        0.0,
        0.0,
        0.0,
        0.0,
        1.0
      ],
      "mesh": 0,
      "name": "Ellipse012"
    },
    {
      "children": [
        28
      ],
      "matrix": [
        1.0,
        -5.551115123125783e-17,
        -2.8966946175046363e-08,
        0.0,
        -2.8921206762788646e-08,
        0.056174628436565406,
        -0.9984209537506105,
        0.0,
        1.6272074798706628e-09,
        0.9984209537506105,
        0.056174628436565406,
        0.0,
        0.01439156723022461,
        0.015729689598083497,
        0.05243813705444336,
        1.0
      ]
    },
    {
      "matrix": [
        0.001,
        0.0,
        0.0,
        0.0,
        0.0,
        0.001,
        0.0,
        0.0,
        0.0,
        0.0,
        0.001,
        0.0,
        0.0,
        0.0,
        0.0,
        1.0
      ],
      "mesh": 5,
      "name": "Circle003"
    },
    {
      "children": [
        30
      ],
      "matrix": [
        0.7705310583114624,
        0.0,
        -2.231993434520518e-08,
        0.0,
        -2.2284687872797804e-08,
        0.04328429326415061,
        -0.7693142294883727,
        0.0,
        1.627207590892965e-09,
        0.9984208941459656,
        0.0561746284365654,
        0.0,
        -0.025924972534179688,
        0.017989154815673827,
        0.006134356498718262,
        1.0
      ]
    },
    {
      "matrix": [
        0.001,
        0.0,
        0.0,
        0.0,
        0.0,
        0.001,
        0.0,
        0.0,
        0.0,
        0.0,
        0.001,
        0.0,
        0.0,
        0.0,
        0.0,
        1.0
      ],
      "mesh": 0,
      "name": "Ellipse012"
    },
    {
      "children": [
        32
      ],
      "matrix": [
        1.0,
        -5.551115123125783e-17,
        -2.8966946175046363e-08,
        0.0,
        -2.8921206762788646e-08,
        0.056174628436565406,
        -0.9984209537506105,
        0.0,
        1.6272074798706628e-09,
        0.9984209537506105,
        0.056174628436565406,
        0.0,
        3.807640075683594e-05,
        0.017028430938720703,
        0.029354955673217775,
        1.0
      ]
    },
    {
      "matrix": [
        0.001,
        0.0,
        0.0,
        0.0,
        0.0,
        0.001,
        0.0,
        0.0,
        0.0,
        0.0,
        0.001,
        0.0,
        0.0,
        0.0,
        0.0,
        1.0
      ],
      "mesh": 0,
      "name": "Ellipse012"
    },
    {
      "children": [
        34
      ],
      "matrix": [
        1.0,
        -5.551115123125783e-17,
        -2.8966946175046363e-08,
        0.0,
        -2.8921206762788646e-08,
        0.056174628436565406,
        -0.9984209537506105,
        0.0,
        1.6272074798706628e-09,
        0.9984209537506105,
        0.056174628436565406,
        0.0,
        3.807640075683594e-05,
        0.016379058837890627,
        0.04089654541015625,
        1.0
      ]
    },
    {
      "matrix": [
        0.001,
        0.0,
        0.0,
        0.0,
        0.0,
        0.001,
        0.0,
        0.0,
        0.0,
        0.0,
        0.001,
        0.0,
        0.0,
        0.0,
        0.0,
        1.0
      ],
      "mesh": 0,
      "name": "Ellipse012"
    },
    {
      "children": [
        36
      ],
      "matrix": [
        1.0,
        -5.551115123125783e-17,
        -2.8966946175046363e-08,
        0.0,
        -2.8921206762788646e-08,
        0.056174628436565406,
        -0.9984209537506105,
        0.0,
        1.6272074798706628e-09,
        0.9984209537506105,
        0.056174628436565406,
        0.0,
        3.807640075683594e-05,
        0.015729689598083497,
        0.05243813705444336,
        1.0
      ]
    },
    {
      "matrix": [
        0.001,
        0.0,
        0.0,
        0.0,
        0.0,
        0.001,
        0.0,
        0.0,
        0.0,
        0.0,
        0.001,
        0.0,
        0.0,
        0.0,
        0.0,
        1.0
      ],
      "mesh": 0,
      "name": "Ellipse012"
    },
    {
      "children": [
        38
      ],
      "matrix": [
        1.0,
        -5.551115123125783e-17,
        -2.8966946175046363e-08,
        0.0,
        -2.8921206762788646e-08,
        0.056174628436565406,
        -0.9984209537506105,
        0.0,
        1.6272074798706628e-09,
        0.9984209537506105,
        0.056174628436565406,
        0.0,
        -0.014315414428710939,
        0.017677799224853515,
        0.017813364028930665,
        1.0
      ]
    },
    {
      "matrix": [
        0.001,
        0.0,
        0.0,
        0.0,
        0.0,
        0.001,
        0.0,
        0.0,
        0.0,
        0.0,
        0.001,
        0.0,
        0.0,
        0.0,
        0.0,
        1.0
      ],
      "mesh": 0,
      "name": "Ellipse012"
    },
    {
      "children": [
        40
      ],
      "matrix": [
        1.0,
        -5.551115123125783e-17,
        -2.8966946175046363e-08,
        0.0,
        -2.8921206762788646e-08,
        0.056174628436565406,
        -0.9984209537506105,
        0.0,
        1.6272074798706628e-09,
        0.9984209537506105,
        0.056174628436565406,
        0.0,
        -0.014315414428710939,
        0.017028430938720703,
        0.029354955673217775,
        1.0
      ]
    },
    {
      "matrix": [
        0.001,
        0.0,
        0.0,
        0.0,
        0.0,
        0.001,
        0.0,
        0.0,
        0.0,
        0.0,
        0.001,
        0.0,
        0.0,
        0.0,
        0.0,
        1.0
      ],
      "mesh": 0,
      "name": "Ellipse012"
    },
    {
      "children": [
        42
      ],
      "matrix": [
        1.0,
        -5.551115123125783e-17,
        -2.8966946175046363e-08,
        0.0,
        -2.8921206762788646e-08,
        0.056174628436565406,
        -0.9984209537506105,
        0.0,
        1.6272074798706628e-09,
        0.9984209537506105,
        0.056174628436565406,
        0.0,
        -0.014315414428710939,
        0.016379058837890627,
        0.04089654541015625,
        1.0
      ]
    },
    {
      "matrix": [
        0.001,
        0.0,
        0.0,
        0.0,
        0.0,
        0.001,
        0.0,
        0.0,
        0.0,
        0.0,
        0.001,
        0.0,
        0.0,
        0.0,
        0.0,
        1.0
      ],
      "mesh": 0,
      "name": "Ellipse012"
    },
    {
      "children": [
        44
      ],
      "matrix": [
        1.0,
        -5.551115123125783e-17,
        -2.8966946175046363e-08,
        0.0,
        -2.8921206762788646e-08,
        0.056174628436565406,
        -0.9984209537506105,
        0.0,
        1.6272074798706628e-09,
        0.9984209537506105,
        0.056174628436565406,
        0.0,
        -0.014315414428710939,
        0.015729689598083497,
        0.05243813705444336,
        1.0
      ]
    },
    {
      "matrix": [
        0.001,
        0.0,
        0.0,
        0.0,
        0.0,
        0.001,
        0.0,
        0.0,
        0.0,
        0.0,
        0.001,
        0.0,
        0.0,
        0.0,
        0.0,
        1.0
      ],
      "mesh": 0,
      "name": "Ellipse012"
    },
    {
      "children": [
        46
      ],
      "matrix": [
        1.0,
        -5.551115123125783e-17,
        -2.8966946175046363e-08,
        0.0,
        -2.8921206762788646e-08,
        0.056174628436565406,
        -0.9984209537506105,
        0.0,
        1.6272074798706628e-09,
        0.9984209537506105,
        0.056174628436565406,
        0.0,
        -0.028668905258178713,
        0.017677799224853515,
        0.017813364028930665,
        1.0
      ]
    },
    {
      "matrix": [
        0.001,
        0.0,
        0.0,
        0.0,
        0.0,
        0.001,
        0.0,
        0.0,
        0.0,
        0.0,
        0.001,
        0.0,
        0.0,
        0.0,
        0.0,
        1.0
      ],
      "mesh": 0,
      "name": "Ellipse012"
    },
    {
      "children": [
        48
      ],
      "matrix": [
        1.0,
        -5.551115123125783e-17,
        -2.8966946175046363e-08,
        0.0,
        -2.8921206762788646e-08,
        0.056174628436565406,
        -0.9984209537506105,
        0.0,
        1.6272074798706628e-09,
        0.9984209537506105,
        0.056174628436565406,
        0.0,
        -0.028668905258178713,
        0.017028430938720703,
        0.029354955673217775,
        1.0
      ]
    },
    {
      "matrix": [
        0.001,
        0.0,
        0.0,
        0.0,
        0.0,
        0.001,
        0.0,
        0.0,
        0.0,
        0.0,
        0.001,
        0.0,
        0.0,
        0.0,
        0.0,
        1.0
      ],
      "mesh": 0,
      "name": "Ellipse012"
    },
    {
      "children": [
        50
      ],
      "matrix": [
        1.0,
        -5.551115123125783e-17,
        -2.8966946175046363e-08,
        0.0,
        -2.8921206762788646e-08,
        0.056174628436565406,
        -0.9984209537506105,
        0.0,
        1.6272074798706628e-09,
        0.9984209537506105,
        0.056174628436565406,
        0.0,
        -0.028668905258178713,
        0.016379058837890627,
        0.04089654541015625,
        1.0
      ]
    },
    {
      "matrix": [
        0.001,
        0.0,
        0.0,
        0.0,
        0.0,
        0.001,
        0.0,
        0.0,
        0.0,
        0.0,
        0.001,
        0.0,
        0.0,
        0.0,
        0.0,
        1.0
      ],
      "mesh": 0,
      "name": "Ellipse012"
    },
    {
      "children": [
        52
      ],
      "matrix": [
        1.0,
        -5.551115123125783e-17,
        -2.8966946175046363e-08,
        0.0,
        -2.8921206762788646e-08,
        0.056174628436565406,
        -0.9984209537506105,
        0.0,
        1.6272074798706628e-09,
        0.9984209537506105,
        0.056174628436565406,
        0.0,
        -0.028668905258178713,
        0.015729689598083497,
        0.05243813705444336,
        1.0
      ]
    },
    {
      "matrix": [
        0.001,
        0.0,
        0.0,
        0.0,
        0.0,
        0.001,
        0.0,
        0.0,
        0.0,
        0.0,
        0.001,
        0.0,
        0.0,
        0.0,
        0.0,
        1.0
      ],
      "mesh": 6,
      "name": "Object002"
    },
    {
      "children": [
        54
      ],
      "matrix": [
        1.0,
        0.0,
        0.0,
        0.0,
        0.0,
        0.0,
        -1.0,
        0.0,
        0.0,
        1.0,
        0.0,
        0.0,
        0.0,
        0.0,
        0.0,
        1.0
      ]
    },
    {
      "matrix": [
        0.001,
        0.0,
        0.0,
        0.0,
        0.0,
        0.001,
        0.0,
        0.0,
        0.0,
        0.0,
        0.001,
        0.0,
        0.0,
        0.0,
        0.0,
        1.0
      ],
      "mesh": 7,
      "name": "Circle001"
    },
    {
      "children": [
        56
      ],
      "matrix": [
        1.0,
        -5.551115123125783e-17,
        -2.8966946175046363e-08,
        0.0,
        -2.8921206762788646e-08,
        0.056174628436565406,
        -0.9984209537506105,
        0.0,
        1.6272074798706628e-09,
        0.9984209537506105,
        0.056174628436565406,
        0.0,
        -0.025924972534179688,
        0.018536163330078126,
        0.006165133476257324,
        1.0
      ]
    },
    {
      "matrix": [
        0.001,
        0.0,
        0.0,
        0.0,
        0.0,
        0.001,
        0.0,
        0.0,
        0.0,
        0.0,
        0.001,
        0.0,
        0.0,
        0.0,
        0.0,
        1.0
      ],
      "mesh": 8,
      "name": "Box001"
    },
    {
      "children": [
        58
      ],
      "matrix": [
        1.0,
        0.0,
        0.0,
        0.0,
        0.0,
        0.0,
        -1.0,
        0.0,
        0.0,
        1.0,
        0.0,
        0.0,
        0.0,
        0.0,
        0.0,
        1.0
      ]
    }
  ],
  "scenes": [
    {
      "nodes": [
        1,
        3,
        5,
        7,
        9,
        11,
        13,
        15,
        17,
        19,
        21,
        23,
        25,
        27,
        29,
        31,
        33,
        35,
        37,
        39,
        41,
        43,
        45,
        47,
        49,
        51,
        53,
        55,
        57,
        59
      ]
    }
  ]
}
